4.399490637154774740e+06 -3.893974032104694634e+05 -3.248483496903471532e+05 1.145518337324423483e+05 -7.830839767594830482e+04 2.436900002296934545e+05 2.031515304921380593e+05 2.661603749959951965e+05 9.715879039497178746e+04 8.383625671805084494e+03 -2.628649916443834081e+05 -2.226887879951762443e+05 -9.096082782461022725e+04 -6.287406077380244824e+04 -4.772573216208089434e+04 2.832173307389738038e+05 -5.108684515707908758e+03 -7.898284800380267552e+04 -4.214105041847278335e+04 7.839937680222255585e+04 1.601264889972067976e+04 -9.263633111012777590e+03 4.767408653050274006e+04 7.291354573866692954e+04 -5.022355462788193108e+04 8.954327624908044527e+04 3.467091841169251711e+04 7.234806658128745039e+04 -1.623589943394589864e+04 -2.697056594382485855e+04 -3.271332632793724042e+04 5.719937844662000316e+03 2.874337641394069942e+04 -4.779163912913176318e+04 4.031546389055199688e+04 -2.276786040898233114e+04 -6.440538540917831597e+03 -3.775504245151907526e+04 -5.839050812066130675e+03 1.620306444580933021e+04 2.656013761789111959e+04 -6.602188733879428582e+03 -1.423504058230751252e+04 9.990758509179902831e+03 -2.753612690168504923e+04 1.221647270674815809e+04 -4.905139633139652688e+03 -1.149960906869468636e+04 2.422490923812691108e+03 5.835719511484319810e+03 5.626190118931453981e+03 -8.015413007340030163e+03 7.026029314000697013e+03 -1.269292947664412532e+04 -5.493330441108056220e+03 7.897974797381936696e+03 -1.116594359117988643e+04 1.390248544976125959e+04 -1.260351047427181220e+04 2.269080920649427298e+03 4.711010835460228918e+03 -9.175797568860964475e+02 -4.109974225285594002e+03 -3.595881385084067460e+03 6.374920189710179329e+03 -1.869164927919169486e+03 1.377657924401086575e+03 1.503284067554863213e+03 -2.130163679619061895e+03 2.826140301989314139e+03 4.388321775296311671e+02 -2.942564369554792734e+02 4.998520803129061960e+02 6.801562638716167442e+01 -1.135379510148043209e+03 -5.052177712846033728e+02 -1.661964548044240701e+03 -8.710419752929419701e+02 2.754901334751997183e+03 -1.775792679262868432e+03 -3.323068784398407729e+02 8.414401591062734553e+01 1.287190164082172032e+03
-3.893974032104694634e+05 4.102474676129156724e+06 -3.735193831512067118e+05 2.997375603772286559e+05 -3.164995705924200593e+05 -3.597762219214944635e+05 -4.199111594725097530e+05 -1.223308855693015648e+05 -1.495752474028607248e+05 -9.878458324048655049e+04 -1.377209909483553784e+05 -5.879401766360592774e+03 1.397624596938797331e+05 -5.125563622651017067e+04 1.009503931783467269e+05 -1.017280176217333210e+05 2.951069416786803049e+04 -9.530442531435628189e+04 3.654832218641261716e+04 -1.263765975658537354e+04 4.905582890559572661e+03 -1.398838451878112573e+04 -4.942687062579251506e+04 6.459017420463348572e+03 7.306624194703571266e+04 9.845489080780738732e+04 2.847445821648803758e+04 -1.218580061312511389e+05 8.332417748978176633e+02 3.909538187480831402e+04 -1.026756954277208024e+03 -2.150766024352584736e+03 1.269283549772690094e+04 1.294876622633128818e+03 -1.212527080459788749e+03 -1.023373510214875932e+04 -2.676093133260567993e+04 -2.817928779598681649e+04 3.274069347794071291e+04 2.481103911658865854e+03 1.775567273330243188e+04 1.909002044383476095e+04 -2.137534714262807029e+03 6.165707898953160111e+03 1.701165724970071460e+04 -1.721669407650595895e+04 -9.536805505215321318e+03 -2.767841436952017102e+04 -1.592818744258946208e+04 1.124744498181607923e+04 -2.819014616477073287e+04 -6.062809021543154813e+03 4.975948244782377515e+03 9.686750111587554784e+03 4.357107371145852994e+03 -8.781765097872913657e+02 -1.493629821927060220e+03 8.270769551898747523e+03 8.870922406371892066e+03 -1.970343765827418281e+02 -4.093888953833067262e+03 -2.718412784918310081e+03 5.229077139679726315e+03 -2.533242941330849590e+03 -9.374022459721949474e+01 -1.055744199406215739e+04 3.363950110727520496e+03 -1.546031732007271785e+03 3.369306422640860319e+02 -2.685100672584956101e+02 -3.278513500665222182e+03 9.179762125469461580e+02 5.795785137126503059e+02 9.392688782585090621e+02 -5.115339066754899591e+02 -1.301808051648229821e+03 -8.139972659868866458e+02 6.053466504135174091e+02 -1.595394795405381501e+03 7.004188304690301266e+02 -8.159291399408652978e+02 4.187160226399962539e+02 8.012094267546555102e+02
-3.248483496903471532e+05 -3.735193831512067118e+05 4.123689486189650372e+06 -8.126221796746584005e+04 -1.500203410112335114e+05 4.273055495159975544e+04 6.865191808688599849e+05 -6.388604495284679433e+04 1.888547600222918118e+04 3.701918993274957188e+02 6.558195633885527786e+04 -2.544066298740026923e+03 -1.147136387823987461e+05 3.903643909298766812e+04 -1.001285103068134486e+05 -8.865290104401799908e+04 -1.981183263500343855e+03 -2.886940475929755848e+04 3.815661934112750168e+04 -1.028476187527178845e+05 -9.899637559579742083e+04 -5.210685133856956236e+04 -9.178624752853994141e+04 1.271307784878006496e+05 5.986150220867180906e+04 2.009932120225170511e+05 5.805003915310354205e+04 -4.628793118927945034e+04 1.783631086913409308e+04 1.088938149884118466e+05 9.739419274189156567e+03 -8.191441205362075380e+03 -9.487869282415133057e+03 -1.968663896055033183e+04 -2.712959721783863642e+04 -3.240125927305852019e+04 -7.700774627923187836e+03 3.535698072713223519e+04 9.411402439940848126e+03 2.652652479010737079e+04 -3.360833325657207024e+04 1.639421964635883342e+04 -2.335325984916945163e+04 -2.123055428188967198e+04 -7.237483610824231619e+03 -3.025176505953077867e+04 -4.352833498117313866e+03 -5.248097485356776815e+03 1.563647319884619719e+03 2.529712059329995100e+04 4.753188829848901150e+03 1.570246531859106290e+04 -9.538374130361167772e+03 2.324431599417102461e+03 2.756211263694473928e+03 -8.789766044231859269e+03 -8.174884469175241065e+03 -5.091657495301423296e+03 -1.411401481705171318e+04 2.122745182315629364e+01 -5.218558746759774294e+03 -1.378290648636674405e+03 -8.673662677986205836e+02 -4.832723956368598010e+03 -1.141489699095432115e+04 -4.484295910982393139e+02 -8.112730813992909589e+02 2.134757490560638416e+03 -5.522363544851591541e+03 -1.153881898024560769e+03 3.167464014414385474e+03 6.695585100343140539e+01 -3.121836428114719411e+02 -2.133563234856208510e+03 2.610160563468677992e+03 1.176879579118354059e+03 5.292028775116593806e+02 1.232057425707833090e+03 7.498351681970243590e+02 9.057751130366023062e+02 -1.863431801075546161e+02 -3.231001118340496987e+02 -1.700051318347157405e+02
1.145518337324423483e+05 2.997375603772286559e+05 -8.126221796746584005e+04 6.035495337782626040e+06 -1.085516683149833552e+05 -3.040149179989232798e+05 -2.449035600865116285e+05 -2.835510278237995226e+05 -5.611149366628240386e+04 2.249977382945556601e+05 -1.499365735150895780e+05 -4.583084177637626999e+04 2.747703812002664108e+03 1.013136763867128902e+05 1.183005021708070308e+04 5.904080601678298990e+04 9.376608627652794894e+03 -6.552934730766199209e+04 -1.947443501646656659e+04 1.146645390353750554e+04 -6.909982912646078330e+04 6.906558209210948553e+04 2.070988233341155137e+04 -1.209145074948478141e+05 1.639695968242124218e+04 -1.159519604800646630e+05 -1.578445289824350912e+05 -6.684718096654444525e+04 3.360814552639675094e+04 -1.133303305734387832e+05 6.208049088908897102e+04 8.104417493540103351e+03 -5.040359859480414161e+04 4.166554474612564081e+04 -2.364441810815408098e+04 1.963196014301257310e+04 -2.153567637449848189e+04 -1.360500768231960683e+04 5.492649486212786542e+03 1.736775496519439184e+04 2.817136913751001430e+03 5.932609376919226634e+03 2.324892613063606859e+03 -1.624664178143955360e+04 6.278183332508542662e+03 -1.882838103725450992e+03 2.094078612361593696e+04 3.922107077940530871e+04 5.605167566100225486e+03 1.812077888473164057e+04 -1.429668833582039406e+04 -1.378060044502612800e+04 1.907426585936775609e+02 8.099124163534665968e+03 -4.861891297616272709e+02 8.640865666010369068e+02 -1.480973784483352938e+04 5.266046810782047942e+03 6.497614873318939317e+03 8.335123258433843148e+03 -2.253498865093615677e+04 -4.396343842613485322e+03 -1.141550651227751223e+04 -5.940141938260419920e+03 2.703863563802154658e+03 1.361391506475205460e+03 -2.014680249541551348e+03 -2.187091452738863154e+03 2.833775608944850774e+03 5.916009991933343372e+03 -2.248646956051757570e+03 2.100402413338853421e+03 -6.456321820560784772e+02 -3.666552081555411746e+02 3.401161612306845541e+02 5.259411001212449719e+02 -2.445920361169423813e+03 -4.173705523762503731e+02 -1.212077110288277936e+03 1.087510502120215961e+03 1.142462443726954007e+03 -3.580450685362550303e+02 -3.229092811921721932e+03
-7.830839767594830482e+04 -3.164995705924200593e+05 -1.500203410112335114e+05 -1.085516683149833552e+05 5.312256174028014764e+06 -4.521026763429631828e+05 1.999462706420405084e+04 6.232898529678789055e+04 4.005965172287889873e+05 -8.754057019240877707e+04 3.668823922047646483e+05 2.274594992646024548e+04 1.668067990824555454e+04 5.103574954665033147e+04 -5.281385118272635009e+04 -8.704625418423560404e+03 -4.588437397510908340e+04 -5.807592475191816629e+04 -1.206013334707056347e+05 -2.347523495172761614e+04 -5.204567923548915132e+04 4.843991900538979826e+04 -7.287029958908575281e+03 -1.126685422100755750e+04 -2.703511515826085088e+04 -1.950993775241228577e+05 2.410983469211050033e+04 1.300051026482193811e+04 -5.725538350664193422e+04 -8.227265871936384428e+03 2.705035434521055140e+04 -5.560819883046469477e+04 -8.991164774452654456e+03 -3.666103747637369815e+04 4.956679667428928951e+04 -2.963617283759780184e+04 -3.346377648636570666e+04 -9.775399226964929767e+03 1.023273720747977677e+04 -2.102201231965028273e+04 1.799521838838353506e+04 5.386203047652695204e+03 1.209126188718653975e+04 2.446302931452944449e+03 2.807808040650786097e+03 -1.708321674998773597e+04 -3.435540134305357788e+04 1.354339531613540930e+04 1.888079188222670928e+04 -3.512018943628169654e+04 9.135490656625906922e+03 -1.700381214347919740e+04 6.358041307579456770e+03 -6.296812939757226559e+03 7.671338183232685878e+03 -2.586521658148847564e+03 -5.122935822136527349e+03 -1.021148840863355326e+04 1.823072682549761885e+04 -1.241774271223091773e+03 8.417932536278194675e+03 2.613725100044176543e+03 4.959683754579906235e+03 2.659276483596784601e+03 -9.029225483121605066e+03 5.638601690230579152e+03 -7.339798317430117095e+03 8.712214983331248277e+02 5.721968450841587583e+03 -1.760578724239218673e+03 -2.941969077102294250e+03 -2.612159186331147794e+03 2.315626630761736578e+03 2.535685286394078446e+02 4.249308391467992806e+03 -4.963311997788795082e+01 -1.897691489996563860e+03 -1.670123489569802359e+03 -8.192951234908149445e+02 -1.371244884507340430e+03 1.676546721562323228e+03 7.662209286104388184e+02 8.723010863942121205e+02
2.436900002296934545e+05 -3.597762219214944635e+05 4.273055495159975544e+04 -3.040149179989232798e+05 -4.521026763429631828e+05 5.603400288637151942e+06 -7.370102306747413240e+04 -4.438501293423491006e+04 -3.751672428396820324e+05 1.962139913456932409e+05 -2.125919591775638692e+05 8.617462610119789315e+04 -1.228051600132793283e+04 7.136875705294633917e+03 9.795227109819298494e+04 1.197303396934079501e+05 -6.054489716691755166e+04 -6.065626135306719334e+03 5.323658633998358710e+04 2.117336289579638978e+05 -8.095707230877106485e+04 -4.232305686799053365e+04 9.018339580542311887e+04 2.219289034773304593e+04 -3.976603690214003291e+04 -3.066578193239881875e+04 4.508354658110928722e+04 7.146699395970281330e+04 9.075400390045884706e+04 5.045071044245595112e+04 -3.623678799645627441e+04 -7.460153090157560655e+03 1.086167878696530897e+04 -1.247543574719530625e+03 5.585302573201889754e+04 -4.662331022396002663e+04 -8.045974556490007672e+03 -1.406621691149979597e+04 -9.892740402709992509e+01 -3.021412680037076279e+04 4.503924148898936437e+03 -1.981745824852349324e+04 2.421398941808781819e+04 1.637501702692604340e+03 7.405910821129060423e+03 -1.094919349885438714e+04 -2.161548958894388306e+03 -1.061204429801518199e+04 2.342149112646339199e+04 -1.116250398988637608e+04 6.935222237457278425e+03 -8.612275125440795819e+03 -1.406914985428030832e+03 4.705210571577706105e+03 -1.285126811677874139e+04 -4.135637418944515048e+03 -1.778793575939225411e+04 1.693474643947541335e+04 -1.000824018631617037e+04 7.715769819038096102e+02 -3.336483954591607471e+03 4.730350874400344765e+03 5.243640704003827523e+03 8.082149099803064018e+03 1.610326444083666729e+03 -1.501412170989186961e+03 7.167585862415360680e+03 1.331573299755566950e+03 -1.105716398553328645e+03 -1.391340118244744872e+03 3.864732093314819394e+03 4.926906883903558992e+03 7.525819026775670864e+02 2.090617897901778633e+03 3.918581555329627008e+03 5.454602049254587655e+03 3.543303890256709110e+03 2.759835397267325789e+03 -2.436541385551257463e+03 -1.591925938690709245e+03 -2.624950403148984606e+03 8.994371531224622629e+01 -1.311277396763526212e+03
2.031515304921380593e+05 -4.199111594725097530e+05 6.865191808688599849e+05 -2.449035600865116285e+05 1.999462706420405084e+04 -7.370102306747413240e+04 5.488593912195775658e+06 7.923179937825393608e+03 -1.336656812681746087e+05 -9.875688238136298605e+04 -4.989453187936118775e+04 -1.947673272353108405e+04 -8.621999058898264775e+04 3.772118760702328291e+04 -1.834868485649198919e+04 -2.500069095872593462e+05 7.618033711739593127e+04 -8.197010346947770813e+03 6.207391759312678914e+04 9.218047685543329862e+04 1.380517639206990498e+04 3.725894088153562188e+04 1.558337816651817702e+05 -1.423761605730718584e+05 7.474191564559172548e+04 -1.211668809849033714e+05 -4.417081751612871585e+02 -7.807579121514134386e+03 1.565471991561494542e+04 8.251550512950065604e+04 -1.297560104302725449e+04 5.034054170269387782e+02 -1.282456686801789510e+04 -2.066895452529155591e+03 -7.655842477422460797e+04 -1.435291439530914249e+04 -6.334085120957827257e+02 2.193348981481469673e+04 -9.548941797039376979e+03 2.598707577863162442e+04 -1.267467850078778065e+04 3.593052045606348838e+04 -2.137055599906333009e+04 -9.100462821336110210e+03 2.405104431654000291e+04 -2.876295311112279705e+03 -1.179185367877841236e+04 -1.760460988490233649e+04 3.556748565978514671e+04 -8.126972441166524732e+03 2.185608968721600831e+04 -2.066393874997246530e+04 2.868653533659009099e+03 -7.856203977593067123e+01 -4.062428809548899153e+03 -1.518399621259502965e+04 -5.346540349886817239e+03 8.780142953369693714e+03 -1.974614760086330989e+03 3.643164342702062640e+03 8.692271996224706072e+02 -6.172954256909818014e+02 -1.033361947882528966e+03 -6.878019305513823383e+03 2.201028720648489525e+03 4.463304716242602126e+02 -1.001597563986110799e+04 -4.117408554725911017e+03 6.207236902549734623e+03 2.334487467933040534e+03 2.849444124385787291e+03 5.602188597583645787e+03 -1.368693487814744230e+03 -1.460657370561623338e+03 9.041106862808218239e+02 -2.949440868933122601e+03 -1.339588782205939651e+03 -1.935372080656566141e+02 2.484207619880671700e+03 1.832459626839156726e+03 -7.925016570993353753e+02 2.194627768099608147e+02 5.832437704099719440e+02
2.661603749959951965e+05 -1.223308855693015648e+05 -6.388604495284679433e+04 -2.835510278237995226e+05 6.232898529678789055e+04 -4.438501293423491006e+04 7.923179937825393608e+03 3.877007121588137932e+06 2.924189836017544731e+05 6.327974735418469209e+04 -2.920662329283397867e+03 -8.940757142670490430e+04 3.973002778143213072e+04 -1.658982687376064132e+04 4.740996115873866074e+04 -1.009123981817009771e+05 -1.382700751890350948e+05 1.440755736979314825e+05 2.841430099352450634e+04 3.953336542733587066e+03 1.134098413962173981e+04 -1.171682437865746806e+03 1.993206023671190269e+04 -4.709651518882441451e+04 -2.414268901266262401e+04 -7.451094572723425517e+04 -2.090715366506471764e+04 -4.293521851106005670e+03 -4.721115854334508185e+04 -1.042570132781718166e+04 1.713597272205935951e+04 -1.747006498248771459e+04 1.173972488613902669e+03 -3.317817561308608856e+04 -1.247870886884196989e+04 -2.635803038343112348e+04 1.727807156835336355e+04 -1.820334382657272363e+04 -1.239746741937643856e+04 6.670571524530012539e+03 -7.450909750930130031e+03 -1.397165975224104841e+04 -5.378886640754715336e+04 -3.944444078412568160e+03 -6.726412433468834024e+03 1.176336140030254137e+04 -3.058173528506504226e+03 -3.005970553811822901e+04 -1.452443054570049935e+04 -7.950633646542321003e+03 1.199264569837453018e+04 -7.931450008389462710e+03 -1.514881682199122906e+03 -1.506531512179972196e+04 1.280036392382976737e+04 2.340100582010305061e+03 -1.609934767359888610e+04 -8.221038710250553777e+03 2.273840634311512076e+03 3.148152758041034303e+03 -3.505007126295761282e+02 -1.973795225132243331e+03 1.107876610293221529e+04 1.307478249874018047e+03 -1.614242462903365549e+03 3.969685015360757006e+03 -2.480022448632923471e+01 3.574104060617165146e+02 -1.183523050311446013e+03 1.438897620028909387e+03 -2.979226422410863961e+03 4.644603418557045188e+03 -2.585485395180325213e+03 -4.328306071572607834e+03 5.491659254856131156e+02 1.417737146465472904e+02 1.363755148545267730e+03 -4.039073734462917287e+02 -1.824702230018416230e+03 7.150449553747326945e+02 4.216534574378039906e+03 -1.730300696305100473e+03 2.437706811296475564e+02
9.715879039497178746e+04 -1.495752474028607248e+05 1.888547600222918118e+04 -5.611149366628240386e+04 4.005965172287889873e+05 -3.751672428396820324e+05 -1.336656812681746087e+05 2.924189836017544731e+05 2.942584861887939740e+06 -1.061332770126025134e+05 2.387968807328083130e+03 3.536879394588335708e+04 1.021828940953908314e+05 -3.980532480278406001e+04 -1.499111249417727413e+04 8.042739956469985191e+04 7.190708477180417685e+04 -5.703522606190927036e+04 -8.247450527645464172e+04 7.250609748669705004e+04 7.410626131487679231e+03 3.842066278335470270e+04 -7.146815098527574446e+04 -9.050283715662921895e+04 -6.143704435869714507e+04 2.495958950675368760e+04 -3.586730782625869324e+03 -6.086162500326483132e+04 -1.616036935041811557e+04 -5.755389835014951677e+04 2.040562127245523880e+04 -2.715466966145551123e+04 5.980226661014419733e+03 -1.359547547709499850e+04 2.201396041581513055e+04 -9.894438280716840382e+02 1.991305090568207015e+04 3.013527735503285294e+04 -1.266972536912252508e+04 8.571795033736365440e+03 -8.277324070673681490e+03 -2.237023546844780412e+03 4.302340648443110695e+03 -4.680358425849491937e+02 3.309021376055857218e+03 5.936752120058674336e+03 -1.926982891423763533e+01 9.924314935644333673e+03 3.515088281495623232e+04 2.478476433637909849e+03 3.517291076070309828e+03 9.281834097404123895e+03 -4.759259379467615872e+03 7.935798278685319929e+03 1.104990934961771018e+04 -1.091290005274427131e+03 -7.845635350663652389e+03 1.389223926830618439e+02 2.204032434070167710e+03 -6.095231014957701518e+03 -6.442549636078986168e+02 4.307261533456681718e+03 5.169004024422217299e+03 1.115591424816164590e+03 3.072615646740196098e+03 1.823324978621391210e+03 -2.033641141203554525e+03 4.555824993515467213e+03 3.762764886761382513e+03 3.091277453349641291e+03 -7.956928443237105739e+02 -1.443590194386276607e+03 -1.979528321733492930e+02 -2.922550858989772223e+03 -2.348071568386563285e+03 5.384514548932926203e+01 1.758242656556117026e+03 5.184767093000714340e+02 -3.062951994170177272e+01 -2.846684953567868206e+02 -2.917075553499738589e+02 -8.523401451758635403e+02 -5.573607287802511792e+02
8.383625671805084494e+03 -9.878458324048655049e+04 3.701918993274957188e+02 2.249977382945556601e+05 -8.754057019240877707e+04 1.962139913456932409e+05 -9.875688238136298605e+04 6.327974735418469209e+04 -1.061332770126025134e+05 1.360504378775008488e+06 -4.090790192010579631e+04 -1.755520188438413970e+04 -1.864463923659629643e+02 -4.950045631393111762e+03 -1.823060121763046118e+04 7.806028144121647347e+04 1.552919470377179778e+03 -1.456919450513910269e+05 9.262828357350133956e+03 8.339372580863227995e+03 -5.707337294559104521e+03 -7.773584577333240304e+04 1.267853322430917387e+03 3.208076474648710791e+04 -1.583535743860677940e+03 -1.852769212661559141e+04 -1.326489494310560303e+03 -3.388204754153946851e+04 4.440620667295779276e+04 2.724410453830003826e+04 2.595200375814326981e+04 1.458470419220694021e+04 6.214044883659840707e+03 3.888776947831308917e+02 1.215903004315380531e+04 5.352578971887635362e+02 1.706599080812827742e+04 -9.352821864880495923e+03 -5.994851963074372492e+01 -1.009477000841250629e+04 2.022874298273065142e+04 1.637250805975325784e+04 1.172522636110302301e+03 4.197929562443345276e+03 -7.952819558694250190e+03 1.481892683410042628e+04 4.502349271734307194e+02 -1.593162422709308339e+04 1.915143423038227183e+03 -1.048810879837943503e+04 2.692829176014799373e+02 -9.192196881323310663e+03 -2.655328326096915248e+02 -3.047902531056834505e+03 1.239584206008234332e+03 5.257860392452221276e+03 1.473982159717989589e+03 1.135913249932900300e+02 -3.397276733641792362e+03 6.324485701423821411e+03 1.318009363217586724e+03 2.889723785474496708e+03 -3.671802068783932100e+03 2.763365375914539072e+03 -4.869421251191900410e+03 -1.622928614722897692e+03 5.382726793834757473e+02 -1.340258554179883731e+03 -3.501492281688254479e+03 -1.031569873093939805e+03 4.584529016466686357e+02 -1.733312621718570426e+03 1.359558234958641833e+03 -1.072205118278896634e+03 -1.096109257383424165e+03 -1.262138871505544330e+03 1.763903906298025049e+03 -1.752574256412336354e+03 9.641696524587759995e+02 7.296175613603955981e+02 -3.434677512967053872e+02 -1.326282156896930360e+02 8.563140120042456829e+02
-2.628649916443834081e+05 -1.377209909483553784e+05 6.558195633885527786e+04 -1.499365735150895780e+05 3.668823922047646483e+05 -2.125919591775638692e+05 -4.989453187936118775e+04 -2.920662329283397867e+03 2.387968807328083130e+03 -4.090790192010579631e+04 8.487471737985501532e+05 -9.707220485804775308e+03 4.362191718533839594e+04 -4.045599994679000520e+04 1.932853145681839305e+04 -3.594191323804271087e+04 6.600031140531881829e+04 6.333310557071083167e+03 1.761142845362605658e+04 -3.125032057081353923e+04 -3.304069341267369600e+04 4.130106182458271178e+03 -3.010706695153410692e+03 -1.398449475705324176e+03 4.992802734914729626e+03 -2.753039525561081518e+03 -9.042924868606649397e+03 -2.342178316022623403e+04 -8.128548694500533202e+03 2.563950806431700130e+03 -3.940223214171525615e+04 1.234394189471511891e+04 -1.988061190400777923e+04 -1.391043368235994421e+03 -2.022526705895343184e+04 -6.305561393934374792e+03 1.092553625240360634e+04 1.232538495482836879e+04 1.480421274703756580e+03 -2.424970896213977994e+03 -1.524767084038685880e+03 -4.302515386082543046e+03 2.351880299382219619e+03 -1.038727358221251052e+04 6.676834612839251349e+03 2.055292903461783681e+03 -1.590718432089556018e+03 -1.164007093822227398e+04 6.048383831604630814e+02 -8.704154316975016172e+02 -1.082534118845333069e+04 5.029031260271970496e+03 -8.439038189200495026e+02 -1.017576257798301299e+03 1.811055763806868754e+03 -2.350851641263320289e+03 6.920037052125473565e+03 1.980807177219513449e+02 7.111023928786957185e+03 1.086009805560981249e+03 2.460695658929236345e+02 2.535753798159252256e+03 3.115777919992741772e+03 -3.285676441959553813e+02 -1.962341053835068010e+02 -7.705586762187830345e+02 -5.912958084732991892e+02 -1.662956203614016431e+03 8.026789191393695546e+02 1.070922322775506245e+03 9.083234109059020511e+02 -8.093165583186133745e+02 3.266764368336954703e+03 -2.234556718540996201e+02 -5.773872767621863886e+02 -2.953633179489219742e+02 -1.716458215972810876e+03 4.182652179798878365e+02 -1.161458112820492488e+03 -6.944361491806699860e+02 -2.393872897302464651e+02 -7.577542268214344858e+02 8.788998647371594188e+02
-2.226887879951762443e+05 -5.879401766360592774e+03 -2.544066298740026923e+03 -4.583084177637626999e+04 2.274594992646024548e+04 8.617462610119789315e+04 -1.947673272353108405e+04 -8.940757142670490430e+04 3.536879394588335708e+04 -1.755520188438413970e+04 -9.707220485804775308e+03 3.867352603256506845e+05 3.390765761992587795e+04 -1.395534714337815967e+04 -3.260517986359919814e+04 -4.462340894786259014e+04 -7.433821590532405025e+03 3.768817638536263985e+04 -2.678381912318114337e+04 -1.714713546867170589e+04 1.376362207593260064e+04 -2.866612874892593754e+04 1.549069231645118998e+04 -7.910487202281527971e+03 2.037990417694410280e+04 1.954149013604276115e+04 -2.766338833059871467e+04 -2.020497288400794105e+02 -7.539534512647984229e+03 -2.038853465707015130e+04 -3.461453673564156475e+02 9.140865722630684104e+03 -1.212671750463877652e+04 9.226005126646145072e+03 1.773232664522786081e+03 -2.452907225343145001e+03 -1.309780471721200774e+04 1.382860730383555529e+04 4.678401968286875672e+03 -7.507494517773931875e+03 5.882275090111451391e+03 4.650711009594604093e+02 -6.743527060885438914e+03 2.442283840557453459e+03 6.108722712857375882e+03 2.995832289712212173e+02 2.978086829517979368e+03 5.308284552806652755e+03 -6.782605542007396252e+03 -4.280091323911270592e+03 2.001033426621825413e+02 -4.035533049620392489e+02 6.071774152428225761e+02 1.176577998410356486e+03 -7.770618794465780184e+02 3.062773015914530333e+03 2.959613938223941659e+03 1.929262390568834007e+03 2.304770847404244705e+03 2.929681163876408618e+02 -1.623161884885017798e+03 9.794941039812786130e+02 2.520220137055943042e+02 2.649554216637944137e+03 -7.552842574954166821e+01 -7.287541420176629572e+02 -8.952528632785674745e+02 -3.808950461132924943e+02 -1.292261200380487708e+03 -9.051486991760980061e+01 2.868730407726397402e+02 4.504922216494449572e+01 -1.614709105878417859e+02 4.333562903650754947e+02 -5.903372512719242877e+02 8.235569015892211837e+02 2.310907507911912546e+02 6.296993138604351969e+01 3.541695184277431707e+01 1.707817017552921470e+02 2.743578975573281582e+02 -7.298337116905243249e+01 2.026286237294833086e+02
-9.096082782461022725e+04 1.397624596938797331e+05 -1.147136387823987461e+05 2.747703812002664108e+03 1.668067990824555454e+04 -1.228051600132793283e+04 -8.621999058898264775e+04 3.973002778143213072e+04 1.021828940953908314e+05 -1.864463923659629643e+02 4.362191718533839594e+04 3.390765761992587795e+04 2.881227882074369118e+05 -2.803909410120041684e+03 4.350367823136755760e+04 1.690898876306911006e+03 8.871670068447909216e+03 5.375010890296749130e+04 -5.462122595922149048e+04 -1.315940235119080353e+04 1.294034623266377457e+04 5.683772414448078962e+03 1.090041548042370050e+04 -1.792205933430628193e+03 7.734131832407045977e+02 -6.960433066961774784e+03 -2.758555919073254336e+04 4.051741608114681640e+03 2.254094113641724107e+03 -8.213652707242787073e+03 4.096035592634691966e+03 -6.166998320538622465e+03 -4.385303022609353320e+03 -1.070804639380223489e+04 2.551304257742579011e+03 4.586203415868424599e+03 -4.523924176092264133e+03 4.116037299392888599e+03 -4.428694287412706103e+02 -4.000440605430488176e+03 -1.334489840270081004e+03 2.994599529304769476e+03 1.065963605321802135e+02 -3.102425341854760063e+03 1.315055408084626606e+03 1.376146853052633105e+03 -1.105670932390649568e+03 1.201992099172176040e+03 4.709641591276249528e+03 5.366488287756072850e+02 3.198361530982191198e+03 1.016424817678713453e+03 -6.160681279742124389e+03 -2.163130723329250486e+03 -8.359809484999170763e+02 2.009094209071534465e+00 1.354094111658436077e+02 1.628009964030135052e+03 2.320825322092172883e+03 -1.129159439646728060e+03 -1.212288672939282606e+03 2.804716212527707285e+03 6.729188937286284045e+02 -2.710315123067543936e+02 -9.377190581787083374e+02 2.226690319242434271e+03 4.748451306231338549e+02 -6.047703097779345853e+02 -2.961368006339990302e+02 7.552078345434970288e+02 -1.347077888054336086e+02 2.837814518479239609e+02 -5.347434812791451577e+02 -2.023965128708690315e+02 -5.688855657483458117e+02 3.822953695624077568e+02 4.027101544535366884e+02 -4.039047239909580753e+02 -8.462009387461969254e+02 -1.758355279947820691e+02 2.372813957997980481e+02 -7.016024126945208081e+02 -3.989548240552534253e+02
-6.287406077380244824e+04 -5.125563622651017067e+04 3.903643909298766812e+04 1.013136763867128902e+05 5.103574954665033147e+04 7.136875705294633917e+03 3.772118760702328291e+04 -1.658982687376064132e+04 -3.980532480278406001e+04 -4.950045631393111762e+03 -4.045599994679000520e+04 -1.395534714337815967e+04 -2.803909410120041684e+03 1.934030810727376665e+05 8.787886362672721589e+03 -1.511763963763557331e+04 2.386251841060248989e+04 -1.497836059583154110e+03 2.688814981062841252e+04 -1.974642890748353966e+04 1.043900329637177310e+04 1.261883505257084607e+03 -1.381863130385217664e+04 3.623055718478834933e+03 -3.575893157311586492e+03 -2.287152803289365329e+04 -2.354598579418247755e+04 1.517731045031764734e+04 9.147364203256012843e+03 -4.886482098440473237e+03 -7.567955779599867128e+03 4.106839001354655920e+03 -8.964352808261206519e+03 4.251820179168970753e+03 7.260884072837946405e+03 2.606080032542416575e+03 2.411933562915683979e+03 -1.904909815117458493e+03 1.872656503952279763e+03 7.684269861111351020e+03 -7.833936615366393426e+02 -6.230814998225722775e+03 3.785116043227023965e+02 1.637324712958362397e+03 -3.234342394752723521e+03 4.647635536760857576e+03 7.981068694474299718e+02 1.066611240565302296e+03 1.826409805619666258e+03 -1.952533365940483009e+03 5.424831678699500799e+02 -1.352464789714206745e+03 5.987373440155913613e+02 -3.408512360103187575e+02 1.319477831296129580e+03 -8.901804863026226258e+02 9.233896270426289448e+02 -1.511084698664852340e+03 5.982393074688160368e+02 8.671001799445863867e+01 -1.204018075760361853e+03 -2.831063476104595338e+03 -8.030448060506258798e+02 2.433915444761944400e+03 -1.709318337696294421e+01 -3.895113367933145128e+02 1.301473264621415410e+03 -7.216494825417693164e+02 4.298880796891872933e+02 3.847988819628652664e+02 -1.307185390816367544e+03 2.965698545213847979e+02 5.441311495373271327e+02 -4.115615322524332669e+02 7.135278378268137658e+02 -1.433130197604524199e+02 -2.972664839246940005e+02 -7.671141642807515382e+01 9.510564828348448430e+01 -2.181913544060166714e+02 -3.367093642598226211e+01 -3.505425857191077057e+02 -1.592537900774734396e+02
-4.772573216208089434e+04 1.009503931783467269e+05 -1.001285103068134486e+05 1.183005021708070308e+04 -5.281385118272635009e+04 9.795227109819298494e+04 -1.834868485649198919e+04 4.740996115873866074e+04 -1.499111249417727413e+04 -1.823060121763046118e+04 1.932853145681839305e+04 -3.260517986359919814e+04 4.350367823136755760e+04 8.787886362672721589e+03 3.720692540492611588e+05 4.332846567677796702e+04 2.470128285262708960e+04 7.444263366951050557e+03 2.152925784546116120e+04 9.555553960790082783e+03 -9.203047077301647732e+03 2.509728531358395412e+04 -1.507065079839369719e+04 -2.741657384247708978e+04 1.715813416953332126e+04 1.230192932032844510e+04 -2.863725570436826456e+04 4.908984968265639509e+03 1.736301786494118460e+03 -1.014722422471295613e+04 -3.268554732346162382e+03 -2.120899374166525376e+03 9.302768927382461698e+03 -9.802265745792916277e+03 1.294301050290177045e+04 -2.095215545027851840e+04 -3.398736847383070653e+03 -8.902306587769639009e+03 5.912296666962954987e+03 -9.677169247499819903e+03 7.829100539423426198e+03 6.763357016797956476e+02 2.782054877116130228e+03 -2.853336090393094764e+03 -6.171602463827028259e+03 4.413227235169295454e+03 -2.044678579814900559e+03 -1.379386604359357989e+03 -1.488335371981265553e+03 1.983737003886569028e+03 -1.859309933352874168e+03 -1.074318835968546182e+03 -1.256933470085303270e+03 5.844983348484506678e+02 -3.050863046106518595e+03 3.314191899685595217e+03 1.333903824888799818e+03 1.865556529868171765e+03 2.456618698786833193e+03 2.175319395807518049e+03 4.749329444262387483e+02 -2.749432641219882953e+03 9.719954376598321915e+02 -1.703400944515887886e+03 -1.062774395576731422e+03 8.501402850178349127e+02 -9.939927804718540756e+02 -3.362959225999813953e+03 -1.586902014298539370e+03 8.668204891827995198e+02 -3.395110372319464886e+02 1.050740480916495017e+03 -1.645903293581457945e+02 -3.216954107011490578e+02 4.296553002216672468e+01 6.421421638495420439e+02 -6.867309124786733037e+02 1.101261680568887186e+03 -7.284800969040890095e+02 3.324258974360500360e+02 -1.882591307612654248e+02 3.722838672637443551e+02 -1.420887619450679153e+02
2.832173307389738038e+05 -1.017280176217333210e+05 -8.865290104401799908e+04 5.904080601678298990e+04 -8.704625418423560404e+03 1.197303396934079501e+05 -2.500069095872593462e+05 -1.009123981817009771e+05 8.042739956469985191e+04 7.806028144121647347e+04 -3.594191323804271087e+04 -4.462340894786259014e+04 1.690898876306911006e+03 -1.511763963763557331e+04 4.332846567677796702e+04 3.634399695626808680e+05 -4.561806452561479091e+04 -4.673706353916288208e+03 -1.743916089320415631e+04 1.161735992485461975e+04 1.776034222760711054e+04 -1.616318197283681366e+04 -2.635262996043865496e+04 -6.967252194655097810e+02 1.024824167756845782e+03 2.335926151214518541e+04 1.301331132306849759e+04 2.939978849310355872e+04 -1.379510865206948438e+03 -2.191456067537249510e+03 1.135181140754187800e+04 6.897113982777269484e+03 1.346509920938800678e+04 -6.539388951866410025e+03 6.029603446298161543e+03 -6.132360303333274715e+03 1.464487364712985800e+04 3.322159028982437121e+03 -5.427592444214896204e+03 8.704372425818170314e+02 9.902243101770001886e+03 -1.100520658965112489e+03 3.275176298523555261e+02 4.182771469100532158e+03 -8.735916209655599232e+03 6.003998702068078273e+03 -8.039908264651679019e+03 4.348753702436513777e+03 1.517574348537522155e+03 3.432283479053664905e+02 -2.661358841999713604e+03 1.418822091832524166e+03 -3.588895462173737997e+03 2.148179504370482846e+03 -3.446863054353847929e+03 1.049640792583794564e+03 -3.403805308790369395e+02 -2.313763744670404208e+02 -9.765377860215080545e+02 -1.023436981318934727e+03 1.819207635031156087e+03 -1.988204582923209500e+03 -4.833357814268279640e+02 7.730887631326404517e+02 6.356384758592449771e+02 -8.381519410286222183e+02 -3.900090379497194704e+02 1.485146416071396061e+03 -4.506325354347023335e+02 2.457130786499045527e+01 -9.559854937637983312e+02 3.749227279534834878e+01 1.158295379514971046e+03 1.582275539732863763e+02 -2.036980740743456693e+02 3.057614146954868488e+02 1.983713286759941070e+02 -4.213627583652159387e+02 -5.301077027486199995e+02 -1.909844304353831603e+02 -2.430690065347517930e+02 3.422070199733813922e+01 6.952032237413329874e+00
-5.108684515707908758e+03 2.951069416786803049e+04 -1.981183263500343855e+03 9.376608627652794894e+03 -4.588437397510908340e+04 -6.054489716691755166e+04 7.618033711739593127e+04 -1.382700751890350948e+05 7.190708477180417685e+04 1.552919470377179778e+03 6.600031140531881829e+04 -7.433821590532405025e+03 8.871670068447909216e+03 2.386251841060248989e+04 2.470128285262708960e+04 -4.561806452561479091e+04 4.173240757466680370e+05 -6.634775418167668249e+03 -3.038499920381771517e+04 -9.006649824980209814e+03 4.381666341120245306e+03 -2.089023857397416214e+04 -2.569696183803274380e+03 -2.267499779698433849e+04 -1.016769467885099584e+04 -3.023755514639354806e+04 -2.272433167437896554e+04 -1.593973383880642723e+04 9.096833671566662815e+03 -1.474365276544452536e+04 2.412892343175404676e+03 -9.031732812797246879e+03 1.437310478018251888e+04 7.184129726107026727e+03 3.628345687247104252e+03 -1.327930275558293579e+04 3.575508553429302992e+03 -6.362231346473531630e+03 8.402159647347036298e+03 2.136761389344379950e+03 -1.118247236995890489e+03 -2.774096741672440203e+03 4.797076877529484591e+03 8.013968610783621216e+02 7.635294124094498329e+02 -3.518330224638779328e+03 -4.840287642294373654e+03 2.730474135079059124e+03 1.161810340361469571e+03 -7.377892781364528219e+02 -4.347601846141723399e+03 -8.684966622102695055e+01 2.548160261311075374e+03 2.316065465032038446e+03 4.174453241612163765e+03 -1.443784934571286158e+03 3.447273940483875776e+03 -2.352569542680687846e+03 -9.105702372816625711e+01 1.977783440605865508e+03 -1.826340210859794979e+02 -6.766127007706178347e+02 2.419558619045600608e+03 1.155592000276911222e+03 1.486141272468656098e+03 2.637007245061231515e+02 -3.285251127272711074e+03 -4.133003044454994210e+02 3.487034878306021142e+02 9.309255181183457353e+02 4.922709636469409133e+02 -3.589864563091097125e+02 4.178990741514684970e+01 -2.068738511893361576e+01 -7.849998375404760509e+02 -9.002385651389203076e+02 -6.665153297038132223e+02 -2.628630277427047304e+02 5.047166066904967465e+02 1.307994178488479236e+02 1.975551064365546949e+02 3.504239736956318438e+02 3.860390024017882524e+02
-7.898284800380267552e+04 -9.530442531435628189e+04 -2.886940475929755848e+04 -6.552934730766199209e+04 -5.807592475191816629e+04 -6.065626135306719334e+03 -8.197010346947770813e+03 1.440755736979314825e+05 -5.703522606190927036e+04 -1.456919450513910269e+05 6.333310557071083167e+03 3.768817638536263985e+04 5.375010890296749130e+04 -1.497836059583154110e+03 7.444263366951050557e+03 -4.673706353916288208e+03 -6.634775418167668249e+03 4.416458830686273286e+05 -5.922075311782098652e+03 2.194571317802376143e+04 -1.613789488232163603e+04 -8.112113012931439698e+03 1.691044097243977376e+03 -1.159284389846012346e+04 4.273603594764331501e+04 2.128452431975357104e+04 8.370213897988462122e+03 1.920167816586987101e+04 1.866088720308121992e+04 -5.825395219856974109e+03 1.182740953414732212e+04 3.871567574620561572e+03 2.220924224734946165e+03 9.859746543788065537e+03 -2.193231807126966032e+03 1.334722126990336619e+04 1.376770866894500614e+04 -6.668567392891380905e+02 -1.292618887857270056e+04 -3.296712336914130901e+03 3.857198068066423957e+02 -8.343362420317944270e+03 -5.219606761760775953e+03 6.451018554334817964e+03 7.979522415848791752e+03 5.274298670335656425e+03 -9.824726697434583684e+02 7.050347347076413826e+03 6.109499765267898511e+03 -1.315765070128633397e+03 1.132644091829427708e+02 -1.448380314727075756e+03 -1.953111932806293453e+03 -4.128028291076569076e+03 5.275887301846844366e+02 2.207095097058157990e+03 -5.918684502017155182e+02 -3.604711146239781669e+02 -3.914110920874932162e+02 -3.857887440784455976e+03 -2.420032933494321696e+03 -1.652732384109048098e+03 -6.167486355690517712e+02 1.255260929181327128e+03 2.179479174618632896e+03 3.872571799900178121e+03 6.652142050565213367e+02 -1.403695466250303241e+02 1.067703106915406806e+03 -3.348226369910057088e+02 1.278828566691907440e+02 9.490710265570608044e+02 -1.241502225675783848e+03 6.970984637322136450e+02 6.775678239211790697e+02 6.651590065733528263e+02 2.551961368810075896e+02 -4.383102598832444841e+01 -1.592963858618349832e+03 -4.885184423426057378e+02 -1.641330093261697698e+02 -6.178869913047802811e+02 -1.570769712910847886e+02
